18
0 75000 22000 76000
22000 73000 23000 76000
23000 73000 63000 74000
34000 25000 36000 47000
34000 8000 35000 25000
33000 47000 36000 68000
36000 60000 41000 61000
29000 52000 33000 53000
30000 39000 34000 40000
36000 46000 39000 47000
36000 34000 38000 35000
35000 19000 37000 20000
35000 11000 36000 12000
32000 27000 34000 28000
33000 14000 34000 15000
23000 74000 63000 76000
0 76000 63000 78000
8000 78000 52000 81000
3
62000 69000 63000 69000
0 71000 -1000 71000
34000 0 34000 -1000
0
4
31000 38000
37000 33000
33000 13000
39000 59000
5
46000 67000
12000 72000
30000 49000
31000 22000
36000 15000
0
0
0
