13
0 10000 21000 13000
3000 13000 18000 16000
3000 1000 4000 10000
3000 0 18000 1000
17000 1000 18000 5000
31000 18000 38000 19000
46000 10000 53000 11000
62000 15000 69000 16000
76000 8000 83000 9000
91000 15000 98000 16000
106000 8000 113000 9000
120000 17000 127000 18000
133000 12000 140000 13000
1
145000 18000 145000 19000
0
13
7000 5000
10000 4000
12000 6000
14000 5000
13000 7000
9000 8000
6000 8000
5000 5000
7000 3000
11000 2000
13000 3000
16000 6000
15000 8000
8
48000 6000
80000 5000
95000 12000
109000 3000
123000 14000
136000 10000
66000 12000
34000 15000
0
