13
66000 42000 67000 43000
36000 52000 37000 53000
1000 39000 8000 40000
101000 36000 102000 37000
123000 26000 124000 27000
111000 14000 112000 15000
132000 8000 133000 9000
149000 0 150000 1000
161000 6000 162000 8000
175000 6000 176000 8000
162000 7000 175000 8000
0 38000 1000 40000
8000 38000 9000 40000
1
85000 42000 85000 43000
0
20
2000 36000
3000 35000
4000 36000
5000 35000
6000 36000
7000 35000
1000 35000
163000 4000
162000 3000
164000 3000
165000 4000
166000 3000
167000 4000
168000 3000
169000 4000
170000 3000
171000 4000
172000 3000
173000 4000
174000 3000
5
111000 10000
132000 4000
149000 -4000
36000 48000
101000 33000
0
