16
0 4000 20000 5000
20000 2000 21000 5000
21000 2000 52000 3000
52000 0 53000 3000
53000 0 104000 1000
103000 1000 104000 3000
104000 2000 134000 3000
133000 3000 134000 5000
134000 4000 160000 5000
0 5000 160000 6000
21000 3000 133000 5000
53000 1000 103000 3000
3000 6000 160000 9000
12000 9000 64000 12000
64000 9000 106000 17000
106000 9000 136000 13000
2
159000 0 160000 0
0 0 -1000 0
0
5
73000 -1000
75000 -1000
77000 -1000
79000 -1000
81000 -1000
9
13000 1000
147000 1000
29000 -2000
70000 -5000
54000 -4000
43000 -2000
85000 -4000
95000 -4000
108000 -2000
0
0
0
