21
54000 67000 61000 68000
79000 63000 86000 64000
99000 55000 106000 56000
114000 67000 121000 68000
127000 45000 134000 46000
130000 78000 137000 79000
32000 77000 39000 78000
11000 72000 18000 73000
154000 61000 161000 62000
135000 51000 142000 52000
22000 50000 29000 51000
38000 40000 45000 41000
0 58000 7000 59000
19000 31000 26000 32000
9000 20000 16000 21000
4000 8000 11000 9000
142000 32000 149000 33000
168000 21000 175000 22000
153000 9000 160000 10000
143000 70000 150000 71000
156000 32000 163000 33000
3
47000 81000 47000 82000
7000 0 7000 -1000
161000 2000 161000 1000
0
6
23000 49000
25000 49000
27000 49000
143000 31000
145000 31000
147000 31000
13
2000 56000
21000 28000
34000 72000
133000 74000
102000 51000
158000 57000
159000 29000
59000 65000
83000 60000
130000 42000
138000 48000
11000 18000
14000 70000
0
0
0
