31
14000 5000 25000 6000
24000 6000 34000 7000
33000 7000 39000 8000
38000 8000 43000 9000
42000 9000 45000 10000
44000 10000 46000 11000
45000 11000 47000 12000
46000 12000 48000 14000
47000 14000 49000 17000
48000 17000 49000 20000
48000 20000 50000 24000
48000 24000 51000 31000
48000 31000 52000 34000
48000 34000 53000 35000
48000 35000 56000 36000
48000 36000 64000 38000
48000 38000 82000 41000
64000 37000 74000 38000
82000 38000 102000 41000
0 4000 15000 5000
0 5000 14000 6000
0 6000 24000 7000
0 7000 33000 8000
0 8000 38000 9000
47000 17000 48000 41000
0 9000 42000 10000
46000 14000 48000 41000
0 11000 45000 41000
45000 12000 46000 41000
0 10000 44000 11000
0 41000 102000 105000
2
101000 34000 102000 34000
0 0 -1000 0
0
0
2
68000 35000
30000 3000
0
