33
56000 0 63000 1000
74000 0 87000 1000
62000 1000 63000 11000
74000 1000 75000 11000
73000 10000 74000 11000
62000 11000 63000 23000
63000 22000 64000 23000
44000 22000 62000 23000
43000 22000 44000 56000
43000 56000 103000 57000
102000 22000 103000 56000
74000 22000 102000 23000
74000 11000 75000 22000
52000 33000 63000 34000
44000 45000 93000 46000
63000 33000 102000 34000
56000 1000 62000 22000
75000 1000 87000 22000
87000 1000 96000 22000
96000 3000 103000 22000
103000 4000 110000 57000
47000 1000 56000 22000
43000 2000 47000 22000
36000 3000 43000 57000
27000 4000 36000 57000
13000 5000 27000 57000
0 6000 13000 57000
110000 5000 123000 57000
123000 6000 132000 57000
132000 5000 143000 57000
143000 4000 161000 57000
0 57000 161000 75000
0 75000 161000 94000
2
0 2000 -1000 2000
160000 0 161000 0
0
5
47000 53000
51000 53000
57000 54000
61000 52000
54000 50000
5
63000 43000
79000 43000
86000 43000
93000 30000
86000 31000
0
