15
0 68000 167000 69000
166000 0 167000 61000
0 0 166000 1000
0 1000 1000 61000
18000 35000 25000 36000
142000 35000 149000 36000
35000 24000 42000 25000
125000 24000 132000 25000
35000 46000 42000 47000
125000 46000 132000 47000
142000 57000 149000 58000
18000 57000 25000 58000
52000 57000 59000 58000
108000 57000 115000 58000
79000 57000 88000 58000
2
0 64000 -1000 64000
166000 64000 167000 64000
1
83000 56000
2
128000 23000
38000 23000
7
38000 45000
21000 34000
20000 56000
146000 56000
128000 45000
145000 34000
111000 56000
0
