22
79000 8000 80000 15000
60000 37000 61000 46000
79000 15000 80000 46000
60000 53000 80000 54000
0 36000 61000 37000
75000 8000 79000 9000
76000 36000 79000 37000
61000 45000 64000 46000
42000 32000 49000 36000
36000 28000 42000 36000
24000 28000 30000 36000
30000 24000 36000 36000
60000 0 61000 22000
1000 18000 17000 19000
28000 12000 34000 13000
49000 12000 54000 13000
1000 8000 8000 18000
0 8000 1000 29000
55000 0 80000 1000
0 0 50000 1000
60000 22000 68000 23000
16000 32000 24000 36000
6
0 4000 -1000 4000
0 32000 -1000 32000
79000 49000 80000 49000
79000 4000 80000 4000
52000 0 52000 -1000
60000 49000 59000 49000
1
32000 23000
0
4
10000 17000
70000 52000
64000 21000
53000 35000
0
