21
0 8000 1000 98000
0 0 1000 8000
1000 0 12000 1000
12000 0 13000 1000
13000 0 17000 1000
22000 0 36000 1000
36000 0 37000 96000
36000 96000 37000 98000
22000 17000 36000 18000
17000 9000 23000 10000
14000 25000 20000 26000
12000 41000 27000 42000
1000 53000 24000 54000
32000 59000 36000 60000
1000 32000 8000 33000
1000 97000 29000 98000
29000 97000 31000 98000
16000 1000 17000 10000
22000 80000 36000 81000
9000 70000 18000 71000
1000 89000 10000 90000
2
33000 97000 33000 98000
19000 0 19000 -1000
1
18000 50000
7
4000 96000
27000 16000
29000 16000
31000 16000
3000 88000
5000 88000
7000 88000
4
18000 23000
17000 88000
13000 69000
6000 52000
0
0
0
