9
0 0 14000 1000
0 8000 5000 9000
0 9000 1000 101000
13000 9000 14000 101000
1000 100000 13000 101000
8000 1000 9000 7000
13000 8000 14000 9000
12000 12000 13000 13000
4000 7000 5000 8000
2
0 4000 -1000 4000
13000 4000 14000 4000
1
3000 6000
0
80
3000 97000
5000 97000
6000 97000
8000 97000
9000 97000
9000 96000
8000 96000
7000 96000
5000 96000
3000 96000
6000 91000
10000 94000
9000 84000
7000 85000
4000 90000
5000 92000
10000 89000
4000 87000
4000 86000
5000 81000
5000 83000
10000 81000
4000 77000
8000 81000
6000 31000
8000 35000
8000 41000
5000 42000
6000 49000
9000 54000
7000 57000
6000 63000
9000 66000
8000 71000
4000 68000
6000 72000
6000 69000
5000 66000
4000 62000
9000 62000
7000 59000
5000 58000
4000 55000
5000 54000
8000 51000
3000 47000
9000 47000
7000 45000
7000 41000
3000 37000
5000 35000
7000 32000
5000 27000
8000 74000
8000 78000
6000 76000
7000 61000
5000 61000
4000 73000
4000 71000
6000 79000
7000 82000
7000 89000
9000 92000
7000 94000
3000 93000
3000 89000
3000 82000
3000 77000
3000 71000
3000 65000
3000 57000
3000 51000
3000 45000
5000 40000
4000 36000
8000 38000
10000 40000
10000 50000
10000 72000
0
3
2000 18000
6000 18000
10000 18000
0
