26
0 0 1000 92000
23000 88000 24000 99000
24000 88000 68000 89000
0 99000 24000 100000
6000 77000 62000 78000
67000 67000 68000 88000
31000 66000 68000 67000
32000 28000 36000 29000
38000 38000 41000 39000
32000 48000 35000 49000
37000 18000 42000 19000
37000 9000 38000 18000
31000 19000 32000 66000
12000 66000 31000 67000
7000 58000 26000 59000
12000 50000 31000 51000
7000 42000 26000 43000
12000 34000 31000 35000
7000 26000 26000 27000
12000 18000 32000 19000
6000 18000 7000 77000
37000 8000 53000 9000
38000 57000 53000 58000
1000 0 53000 1000
32000 65000 53000 66000
41000 19000 42000 57000
3
0 95000 -1000 95000
52000 61000 53000 61000
52000 4000 53000 4000
1
20000 33000
3
34000 64000
36000 64000
38000 64000
9
22000 17000
38000 76000
11000 41000
23000 49000
14000 65000
35000 87000
56000 87000
33000 47000
39000 37000
0
1
18000 97000
0
