13
0 0 24000 1000
0 8000 1000 58000
0 58000 24000 59000
23000 8000 24000 58000
15000 41000 16000 58000
1000 48000 6000 49000
10000 41000 16000 42000
17000 32000 23000 33000
9000 23000 17000 24000
1000 14000 9000 15000
15000 8000 23000 9000
16000 45000 18000 46000
21000 45000 23000 46000
2
0 4000 -1000 4000
23000 4000 24000 4000
1
13000 21000
0
16
18000 55000
19000 55000
20000 55000
21000 55000
21000 54000
20000 54000
19000 54000
18000 54000
18000 53000
19000 53000
20000 53000
21000 53000
21000 52000
20000 52000
19000 52000
18000 52000
0
