40
0 0 135000 1000
135000 0 136000 53000
0 1000 1000 5000
0 12000 1000 25000
0 25000 99000 26000
0 33000 1000 37000
1000 36000 87000 37000
86000 37000 87000 38000
86000 38000 87000 53000
0 65000 87000 66000
0 37000 1000 65000
86000 66000 87000 94000
99000 67000 100000 94000
87000 93000 90000 94000
95000 93000 99000 94000
99000 25000 100000 42000
99000 57000 100000 66000
100000 57000 136000 58000
135000 53000 136000 57000
99000 66000 100000 67000
87000 77000 91000 78000
96000 86000 99000 87000
96000 59000 99000 60000
112000 20000 113000 57000
107000 34000 112000 35000
99000 42000 103000 43000
105000 50000 108000 51000
113000 41000 124000 42000
124000 20000 135000 21000
119000 31000 128000 32000
130000 48000 135000 49000
1000 12000 99000 13000
99000 12000 100000 13000
111000 15000 115000 16000
108000 20000 112000 21000
79000 52000 86000 53000
68000 45000 75000 46000
30000 45000 41000 46000
1000 45000 20000 46000
49000 45000 59000 46000
3
0 8000 -1000 8000
0 29000 -1000 29000
92000 93000 92000 94000
1
124000 56000
3
14000 44000
8000 24000
12000 24000
10
51000 24000
45000 11000
46000 64000
130000 19000
14000 64000
28000 64000
61000 64000
32000 24000
21000 35000
72000 35000
0
4
3000 43000
8000 43000
3000 23000
115000 55000
1
3000 62000
