39
176000 8000 177000 85000
0 92000 177000 93000
63000 70000 64000 82000
1000 18000 22000 19000
10000 40000 22000 41000
21000 30000 22000 40000
10000 81000 11000 92000
11000 81000 63000 82000
10000 70000 58000 71000
10000 41000 11000 70000
64000 70000 81000 71000
86000 70000 176000 71000
81000 77000 170000 78000
72000 77000 81000 78000
72000 78000 73000 92000
81000 84000 176000 85000
74000 41000 85000 42000
95000 30000 106000 31000
125000 1000 126000 41000
119000 50000 132000 51000
126000 40000 127000 41000
137000 29000 148000 30000
158000 40000 165000 41000
163000 18000 165000 19000
162000 10000 163000 19000
162000 1000 163000 10000
126000 8000 151000 9000
160000 18000 162000 19000
174000 30000 176000 31000
174000 8000 176000 9000
78000 19000 85000 20000
53000 23000 60000 24000
21000 29000 42000 30000
0 0 1000 85000
6000 0 177000 1000
1000 8000 6000 9000
71000 81000 72000 82000
21000 63000 64000 64000
41000 52000 64000 63000
4
0 88000 -1000 88000
176000 88000 177000 88000
176000 4000 177000 4000
3000 0 3000 -1000
1
91000 69000
4
16000 39000
81000 18000
83000 18000
79000 18000
15
11000 17000
53000 51000
92000 83000
138000 7000
116000 83000
148000 83000
137000 76000
115000 76000
35000 91000
50000 91000
164000 69000
149000 69000
130000 69000
19000 80000
31000 80000
0
5
37000 61000
128000 6000
133000 6000
13000 90000
19000 90000
0
