11
66000 42000 67000 43000
36000 52000 37000 53000
101000 36000 102000 37000
123000 26000 124000 27000
114000 12000 115000 13000
132000 8000 133000 9000
149000 0 150000 1000
0 39000 9000 41000
161000 6000 176000 8000
79000 47000 80000 48000
92000 47000 93000 48000
1
85000 47000 85000 48000
0
20
2000 36000
3000 35000
4000 36000
5000 35000
6000 36000
7000 35000
1000 35000
163000 4000
162000 3000
164000 3000
165000 4000
166000 3000
167000 4000
168000 3000
169000 4000
170000 3000
171000 4000
172000 3000
173000 4000
174000 3000
4
114000 8000
132000 4000
149000 -4000
36000 48000
0
