21
59000 67000 66000 68000
84000 63000 91000 64000
104000 55000 111000 56000
119000 67000 126000 68000
132000 45000 139000 46000
135000 78000 142000 79000
37000 77000 44000 78000
16000 72000 23000 73000
159000 61000 166000 62000
140000 51000 147000 52000
27000 50000 34000 51000
43000 40000 50000 41000
5000 58000 12000 59000
24000 31000 31000 32000
14000 20000 21000 21000
9000 8000 16000 9000
147000 32000 154000 33000
173000 21000 180000 22000
158000 9000 165000 10000
148000 70000 155000 71000
161000 32000 168000 33000
3
75000 70000 75000 71000
12000 0 12000 -1000
166000 2000 166000 1000
0
0
7
7000 56000
26000 28000
39000 72000
138000 74000
107000 51000
163000 57000
164000 29000
0
