81
0 59000 10000 60000
9000 58000 19000 59000
18000 57000 26000 58000
25000 56000 32000 57000
31000 55000 37000 56000
36000 54000 39000 55000
38000 53000 40000 54000
39000 52000 41000 53000
40000 49000 41000 52000
41000 46000 42000 50000
42000 34000 43000 37000
43000 30000 44000 35000
44000 23000 45000 31000
45000 15000 46000 24000
46000 9000 47000 16000
47000 6000 48000 10000
48000 5000 49000 7000
49000 4000 53000 6000
53000 3000 62000 6000
62000 2000 75000 6000
75000 1000 107000 6000
107000 2000 126000 6000
126000 3000 136000 6000
42000 46000 55000 47000
67000 36000 68000 46000
67000 21000 68000 36000
53000 12000 94000 13000
53000 13000 55000 36000
68000 21000 89000 24000
43000 36000 55000 37000
54000 47000 55000 84000
55000 83000 132000 84000
131000 79000 132000 83000
67000 46000 68000 78000
131000 74000 132000 79000
68000 77000 125000 78000
130000 77000 131000 78000
131000 69000 132000 74000
131000 12000 132000 69000
94000 12000 131000 13000
106000 66000 131000 69000
104000 26000 131000 29000
68000 24000 82000 37000
68000 37000 92000 40000
68000 69000 88000 72000
68000 57000 92000 60000
102000 48000 131000 51000
81000 40000 82000 50000
76000 49000 81000 50000
82000 46000 86000 47000
113000 59000 124000 60000
77000 65000 78000 69000
110000 42000 117000 43000
121000 35000 127000 36000
126000 36000 127000 48000
110000 13000 112000 22000
118000 18000 120000 26000
132000 6000 136000 84000
48000 6000 132000 12000
47000 12000 53000 36000
45000 24000 47000 36000
44000 31000 45000 36000
43000 35000 44000 36000
46000 16000 47000 24000
47000 10000 48000 12000
42000 47000 54000 84000
41000 50000 42000 84000
0 60000 41000 84000
10000 59000 19000 60000
19000 58000 41000 60000
26000 57000 41000 58000
40000 53000 41000 57000
32000 56000 40000 57000
38000 54000 40000 56000
37000 55000 38000 56000
55000 13000 60000 37000
55000 46000 60000 83000
0 84000 136000 103000
0 103000 136000 129000
136000 4000 147000 90000
136000 90000 147000 129000
2
0 55000 -1000 55000
146000 0 147000 0
0
8
115000 58000
117000 58000
119000 58000
121000 58000
70000 76000
72000 76000
74000 76000
76000 76000
12
71000 17000
80000 18000
88000 34000
111000 39000
121000 44000
83000 54000
71000 54000
83000 66000
85000 74000
111000 73000
120000 73000
116000 73000
0
5
77000 47000
70000 67000
128000 46000
121000 24000
126000 24000
0
