60
11000 10000 15000 11000
11000 15000 15000 16000
14000 9000 15000 10000
14000 16000 15000 17000
15000 17000 16000 20000
15000 6000 16000 9000
16000 4000 17000 6000
16000 20000 17000 22000
17000 3000 18000 4000
18000 2000 20000 3000
18000 23000 20000 24000
20000 24000 23000 25000
20000 1000 23000 2000
23000 25000 31000 26000
31000 24000 34000 25000
34000 23000 36000 24000
37000 20000 38000 22000
38000 17000 39000 20000
39000 15000 40000 17000
39000 9000 40000 11000
38000 6000 39000 9000
37000 4000 38000 6000
36000 3000 37000 4000
34000 2000 36000 3000
30000 1000 34000 2000
23000 0 30000 1000
40000 15000 43000 16000
40000 10000 43000 11000
6000 10000 11000 11000
6000 15000 11000 16000
43000 15000 48000 16000
43000 10000 48000 11000
8000 9000 14000 10000
40000 9000 46000 10000
39000 8000 44000 9000
10000 8000 15000 9000
11000 7000 15000 8000
39000 7000 43000 8000
12000 6000 15000 7000
39000 6000 42000 7000
14000 5000 16000 6000
38000 5000 40000 6000
6000 16000 14000 71000
40000 16000 48000 71000
14000 26000 40000 71000
14000 22000 18000 26000
36000 22000 40000 26000
38000 20000 40000 22000
34000 24000 36000 26000
18000 24000 20000 26000
14000 20000 16000 22000
14000 17000 15000 20000
20000 25000 23000 26000
31000 25000 34000 26000
39000 17000 40000 20000
23000 15000 30000 16000
48000 16000 54000 71000
0 16000 6000 71000
0 71000 1000 86000
1000 71000 54000 86000
2
0 12000 -1000 12000
53000 12000 54000 12000
1
26000 12000
0
0
0
0
0
