85
0 4000 6000 5000
6000 3000 13000 5000
13000 2000 18000 5000
18000 3000 19000 10000
26000 3000 27000 14000
25000 14000 27000 69000
27000 2000 37000 5000
32000 1000 37000 2000
25000 69000 27000 73000
27000 77000 45000 78000
27000 76000 45000 77000
27000 72000 49000 73000
30000 67000 53000 68000
33000 62000 47000 63000
38000 58000 42000 59000
27000 54000 39000 55000
31000 48000 65000 49000
43000 43000 59000 44000
47000 39000 73000 40000
45000 76000 53000 78000
53000 67000 54000 78000
27000 62000 33000 63000
27000 55000 34000 62000
51000 58000 52000 67000
42000 58000 45000 59000
44000 49000 45000 58000
45000 49000 51000 59000
27000 43000 43000 44000
64000 40000 65000 48000
49000 34000 55000 35000
54000 33000 59000 34000
59000 32000 64000 33000
63000 31000 70000 32000
67000 26000 69000 31000
67000 22000 68000 26000
64000 23000 67000 31000
63000 15000 64000 31000
59000 12000 63000 32000
59000 7000 62000 12000
59000 5000 61000 7000
59000 4000 60000 5000
37000 0 48000 5000
27000 5000 59000 33000
49000 33000 54000 34000
27000 33000 49000 35000
27000 35000 43000 43000
52000 75000 53000 76000
52000 68000 53000 69000
27000 71000 28000 72000
27000 63000 28000 64000
50000 66000 51000 67000
43000 57000 44000 58000
43000 49000 44000 50000
51000 49000 52000 58000
27000 53000 28000 54000
27000 44000 28000 45000
63000 47000 64000 48000
63000 40000 64000 41000
43000 42000 44000 43000
43000 36000 44000 37000
27000 52000 28000 53000
28000 53000 29000 54000
29000 53000 34000 54000
34000 55000 35000 56000
34000 61000 35000 62000
43000 35000 50000 36000
64000 18000 67000 23000
64000 17000 65000 18000
62000 10000 63000 12000
48000 2000 58000 5000
58000 3000 59000 5000
48000 1000 54000 2000
65000 40000 73000 49000
52000 49000 54000 67000
54000 49000 73000 78000
18000 10000 20000 62000
18000 62000 19000 67000
17000 67000 18000 72000
16000 72000 17000 78000
17000 76000 27000 78000
16000 67000 17000 72000
16000 5000 18000 67000
0 5000 16000 78000
73000 40000 79000 78000
50000 59000 51000 60000
2
0 0 -1000 0
78000 36000 79000 36000
0
0
4
39000 -2000
51000 -1000
9000 1000
66000 36000
0
0
0