141
20000 31000 46000 32000
20000 32000 21000 54000
21000 53000 46000 54000
45000 32000 46000 48000
75000 19000 76000 31000
76000 19000 89000 20000
88000 20000 89000 36000
75000 35000 88000 36000
72000 45000 102000 46000
101000 46000 102000 77000
72000 52000 73000 77000
73000 76000 101000 77000
60000 22000 61000 28000
54000 32000 61000 33000
54000 23000 55000 32000
54000 22000 60000 23000
55000 58000 56000 68000
45000 58000 51000 59000
45000 68000 56000 69000
33000 18000 55000 19000
32000 12000 33000 19000
33000 12000 39000 13000
38000 13000 39000 15000
55000 53000 56000 58000
50000 53000 51000 58000
46000 53000 50000 54000
61000 32000 65000 33000
61000 27000 65000 28000
69000 35000 75000 36000
69000 30000 75000 31000
69000 45000 72000 46000
55000 52000 72000 53000
62000 45000 69000 46000
46000 33000 57000 46000
46000 46000 57000 48000
57000 33000 65000 41000
69000 36000 89000 45000
54000 19000 61000 22000
55000 18000 61000 19000
69000 1000 70000 21000
55000 28000 65000 32000
55000 23000 60000 28000
69000 27000 75000 30000
39000 14000 69000 15000
39000 4000 69000 14000
44000 3000 69000 4000
55000 2000 69000 3000
32000 5000 39000 12000
46000 31000 54000 33000
32000 19000 54000 31000
45000 54000 50000 58000
56000 53000 72000 69000
45000 69000 72000 77000
20000 54000 45000 77000
27000 6000 32000 7000
74000 1000 76000 19000
74000 19000 75000 27000
76000 1000 85000 19000
85000 2000 89000 19000
89000 3000 96000 45000
109000 1000 125000 2000
117000 0 125000 1000
96000 2000 125000 45000
102000 45000 125000 77000
0 9000 20000 77000
8000 8000 20000 9000
0 77000 125000 94000
20000 7000 32000 31000
21000 51000 32000 53000
21000 49000 30000 51000
21000 47000 28000 49000
21000 45000 26000 47000
21000 43000 24000 45000
33000 39000 45000 41000
37000 41000 45000 44000
41000 44000 45000 46000
49000 63000 55000 64000
73000 52000 85000 53000
73000 53000 74000 54000
73000 57000 74000 58000
73000 58000 85000 59000
73000 59000 85000 60000
77000 60000 78000 61000
77000 64000 78000 65000
73000 60000 77000 66000
85000 58000 90000 60000
89000 52000 101000 53000
100000 51000 101000 52000
100000 46000 101000 47000
100000 53000 101000 54000
100000 64000 101000 65000
90000 58000 96000 60000
88000 65000 101000 66000
77000 65000 84000 66000
88000 66000 89000 67000
88000 71000 89000 72000
78000 71000 88000 72000
73000 66000 74000 67000
73000 75000 74000 76000
88000 67000 89000 71000
89000 66000 90000 67000
89000 70000 90000 71000
89000 71000 97000 72000
100000 66000 101000 67000
100000 75000 101000 76000
43000 32000 45000 33000
44000 33000 45000 34000
44000 37000 45000 39000
43000 38000 44000 39000
22000 32000 23000 33000
21000 32000 22000 33000
21000 33000 22000 34000
21000 42000 22000 43000
44000 46000 45000 47000
36000 41000 37000 42000
32000 52000 33000 53000
30000 50000 31000 51000
28000 48000 29000 49000
26000 46000 27000 47000
24000 44000 25000 45000
45000 59000 46000 60000
45000 67000 46000 68000
54000 64000 55000 65000
54000 67000 55000 68000
73000 26000 74000 27000
61000 26000 62000 27000
37000 13000 38000 14000
33000 13000 34000 14000
33000 17000 34000 18000
68000 15000 69000 16000
76000 30000 83000 31000
76000 25000 83000 26000
76000 29000 77000 30000
76000 26000 77000 27000
76000 24000 77000 25000
76000 20000 77000 21000
87000 30000 88000 31000
87000 25000 88000 26000
87000 20000 88000 21000
68000 44000 69000 45000
57000 41000 58000 42000
2
0 5000 -1000 5000
124000 -4000 125000 -4000
0
14
35000 16000
42000 37000
41000 34000
41000 37000
39000 35000
91000 68000
93000 67000
93000 70000
91000 70000
94000 70000
95000 68000
93000 68000
52000 66000
50000 66000
13
79000 23000
79000 29000
78000 57000
80000 64000
47000 67000
35000 35000
36000 52000
41000 52000
96000 51000
83000 70000
41000 17000
45000 17000
51000 17000
0
