63
0 114000 25000 131000
9000 113000 25000 114000
19000 112000 25000 113000
23000 111000 25000 112000
25000 110000 26000 131000
26000 106000 27000 131000
27000 102000 28000 131000
28000 95000 29000 131000
29000 88000 30000 131000
30000 75000 31000 131000
31000 52000 32000 67000
32000 34000 33000 53000
34000 14000 35000 22000
35000 12000 36000 16000
36000 10000 37000 13000
37000 17000 42000 66000
36000 13000 37000 16000
35000 16000 37000 66000
32000 53000 35000 66000
33000 22000 35000 53000
33000 20000 34000 22000
64000 86000 65000 131000
65000 91000 66000 131000
66000 93000 67000 131000
67000 94000 70000 131000
70000 95000 77000 131000
77000 96000 93000 131000
42000 5000 44000 6000
43000 65000 56000 66000
38000 6000 45000 11000
56000 65000 60000 66000
58000 2000 60000 65000
32000 66000 62000 67000
60000 47000 62000 66000
60000 12000 61000 47000
58000 1000 59000 2000
52000 0 58000 2000
45000 4000 47000 14000
51000 2000 52000 15000
50000 9000 51000 10000
47000 22000 48000 23000
37000 8000 38000 11000
37000 11000 45000 17000
45000 14000 47000 34000
47000 23000 48000 34000
48000 31000 49000 32000
48000 32000 49000 50000
45000 34000 48000 50000
54000 31000 58000 50000
53000 31000 54000 50000
52000 42000 53000 43000
52000 2000 58000 15000
53000 15000 58000 31000
52000 15000 53000 23000
45000 50000 49000 56000
45000 56000 48000 65000
42000 65000 43000 66000
42000 17000 45000 65000
48000 56000 55000 57000
54000 57000 55000 60000
62000 76000 63000 81000
62000 81000 64000 131000
31000 75000 62000 131000
2
92000 92000 93000 92000
0 110000 -1000 110000
0
2
49000 60000
51000 60000
5
38000 73000
47000 73000
53000 73000
34000 73000
59000 73000
0
2
49000 63000
53000 63000
0
