81
17000 2000 18000 6000
20000 2000 21000 6000
14000 5000 17000 6000
14000 6000 15000 12000
20000 11000 26000 12000
20000 6000 21000 8000
15000 11000 20000 12000
21000 7000 30000 8000
30000 7000 31000 20000
25000 12000 26000 18000
26000 17000 27000 18000
31000 20000 34000 21000
30000 20000 31000 21000
25000 18000 27000 21000
19000 20000 25000 21000
26000 29000 34000 30000
33000 21000 34000 29000
25000 25000 26000 30000
19000 25000 25000 30000
19000 18000 20000 20000
10000 18000 19000 19000
9000 18000 10000 31000
10000 30000 12000 31000
15000 30000 20000 31000
11000 31000 12000 39000
12000 38000 13000 39000
23000 33000 24000 35000
24000 33000 32000 34000
31000 34000 32000 43000
30000 42000 31000 43000
23000 42000 26000 43000
23000 39000 24000 42000
29000 43000 30000 55000
26000 49000 27000 50000
25000 43000 26000 50000
25000 50000 26000 55000
21000 54000 22000 63000
22000 54000 25000 55000
29000 55000 30000 58000
28000 57000 29000 58000
30000 55000 32000 58000
23000 43000 25000 54000
11000 39000 23000 54000
11000 54000 21000 64000
16000 31000 20000 35000
20000 30000 23000 35000
21000 2000 34000 7000
31000 7000 34000 20000
24000 1000 29000 2000
34000 3000 41000 64000
41000 4000 46000 64000
8000 2000 17000 5000
3000 3000 8000 5000
0 4000 3000 5000
0 5000 14000 12000
20000 12000 25000 20000
0 12000 20000 18000
0 18000 9000 31000
0 31000 11000 64000
32000 30000 34000 63000
30000 43000 32000 55000
23000 30000 32000 33000
21000 63000 34000 64000
0 64000 46000 99000
10000 19000 11000 20000
18000 19000 19000 20000
18000 29000 19000 30000
10000 29000 11000 30000
32000 28000 33000 29000
26000 28000 27000 29000
32000 21000 33000 22000
15000 10000 16000 11000
15000 6000 16000 7000
31000 62000 32000 63000
22000 62000 23000 63000
22000 55000 23000 56000
30000 34000 31000 35000
24000 34000 25000 35000
24000 41000 25000 42000
29000 8000 30000 9000
15000 31000 16000 35000
2
0 0 -1000 0
45000 0 46000 0
0
8
30000 59000
30000 61000
28000 60000
27000 61000
25000 61000
24000 59000
23000 60000
26000 59000
9
14000 -4000
25000 39000
29000 38000
29000 27000
27000 26000
15000 28000
12000 28000
17000 10000
13000 37000
0
