46
16000 40000 17000 47000
16000 47000 18000 80000
16000 80000 19000 88000
16000 88000 20000 94000
16000 94000 21000 98000
16000 98000 22000 101000
16000 101000 23000 103000
16000 103000 24000 104000
16000 104000 29000 121000
29000 105000 41000 121000
41000 106000 59000 121000
59000 105000 74000 121000
74000 104000 84000 121000
84000 103000 89000 121000
89000 102000 92000 121000
92000 101000 93000 121000
93000 95000 100000 121000
94000 87000 100000 95000
95000 75000 100000 87000
96000 53000 100000 75000
97000 41000 100000 53000
98000 36000 100000 41000
99000 35000 101000 36000
100000 34000 105000 35000
105000 33000 113000 35000
113000 32000 133000 35000
101000 35000 133000 36000
100000 36000 133000 121000
0 38000 16000 40000
16000 39000 17000 40000
0 36000 8000 38000
8000 37000 14000 38000
0 40000 16000 121000
35000 92000 38000 95000
58000 97000 61000 100000
47000 78000 50000 81000
63000 84000 66000 87000
78000 92000 81000 95000
59000 64000 62000 67000
51000 51000 54000 54000
45000 22000 48000 25000
58000 36000 61000 39000
65000 15000 68000 18000
82000 7000 85000 10000
38000 8000 41000 11000
22000 0 25000 3000
2
132000 28000 133000 28000
0 32000 -1000 32000
0
0
10
37000 100000
43000 103000
51000 103000
65000 103000
73000 101000
84000 101000
48000 75000
60000 61000
46000 19000
83000 5000
0
0
0
