30
21000 2000 22000 38000
20000 29000 21000 38000
17000 35000 20000 38000
22000 0 23000 38000
23000 26000 24000 38000
19000 34000 20000 35000
24000 33000 25000 38000
25000 35000 26000 38000
26000 37000 31000 38000
9000 38000 10000 44000
9000 44000 11000 46000
11000 45000 14000 46000
14000 45000 18000 46000
17000 46000 29000 47000
28000 45000 32000 46000
32000 44000 34000 46000
34000 43000 36000 46000
35000 39000 36000 43000
35000 37000 37000 39000
36000 39000 37000 46000
29000 46000 37000 47000
9000 46000 17000 47000
14000 37000 17000 38000
16000 38000 29000 39000
21000 39000 26000 40000
0 40000 9000 47000
4000 39000 9000 40000
37000 38000 42000 47000
42000 39000 48000 47000
0 47000 48000 85000
2
0 36000 -1000 36000
47000 35000 48000 35000
0
0
2
15000 43000
28000 43000
0
1
21000 -2000
0
