47
60000 12000 61000 20000
61000 19000 101000 20000
100000 12000 101000 19000
44000 4000 61000 5000
44000 12000 60000 13000
99000 4000 115000 5000
61000 4000 99000 5000
27000 12000 44000 13000
20000 13000 28000 14000
15000 14000 21000 15000
11000 15000 16000 16000
8000 16000 12000 17000
6000 17000 9000 18000
0 18000 7000 19000
134000 12000 140000 13000
139000 13000 143000 14000
142000 14000 145000 15000
144000 15000 147000 16000
146000 16000 147000 18000
146000 18000 148000 19000
147000 19000 148000 23000
147000 23000 149000 24000
148000 24000 150000 25000
152000 26000 156000 27000
155000 27000 162000 28000
48000 3000 112000 4000
52000 2000 108000 3000
57000 1000 102000 2000
68000 0 89000 1000
0 28000 162000 71000
0 19000 60000 28000
28000 13000 60000 19000
21000 14000 28000 19000
16000 15000 21000 19000
12000 16000 16000 19000
9000 17000 12000 19000
7000 18000 9000 19000
152000 27000 155000 28000
60000 20000 147000 28000
147000 24000 148000 28000
148000 25000 152000 28000
101000 19000 147000 20000
100000 13000 139000 19000
101000 12000 134000 13000
139000 14000 142000 19000
142000 15000 144000 19000
144000 16000 146000 19000
2
0 14000 -1000 14000
161000 23000 162000 23000
1
80000 17000
0
0
0
0
0
