45
0 9000 10000 17000
10000 10000 14000 17000
14000 11000 16000 17000
16000 12000 17000 17000
19000 22000 20000 31000
17000 17000 19000 31000
17000 15000 18000 17000
17000 31000 21000 36000
21000 33000 22000 36000
22000 35000 23000 36000
17000 36000 30000 37000
17000 37000 52000 44000
52000 38000 71000 44000
71000 37000 79000 44000
79000 36000 85000 44000
85000 35000 89000 44000
89000 34000 94000 44000
94000 35000 98000 44000
98000 36000 104000 44000
104000 37000 114000 44000
114000 38000 128000 44000
128000 37000 144000 44000
144000 36000 157000 44000
157000 35000 163000 44000
163000 34000 165000 44000
165000 33000 174000 44000
167000 31000 174000 33000
168000 26000 174000 31000
169000 18000 174000 26000
170000 12000 174000 18000
171000 8000 174000 12000
172000 6000 174000 8000
173000 5000 178000 6000
178000 4000 186000 6000
174000 6000 186000 44000
43000 25000 50000 26000
139000 27000 146000 28000
123000 21000 130000 22000
63000 18000 70000 19000
36000 10000 43000 11000
149000 9000 156000 10000
87000 24000 94000 25000
102000 11000 109000 12000
0 17000 17000 44000
0 44000 186000 98000
2
0 5000 -1000 5000
185000 0 186000 0
0
0
2
59000 36000
121000 36000
0
0
1
89000 18000
