59
5000 7000 29000 8000
28000 8000 31000 11000
31000 10000 39000 11000
31000 9000 35000 10000
49000 4000 62000 5000
61000 5000 66000 6000
54000 3000 59000 4000
64000 6000 67000 7000
68000 12000 75000 13000
68000 13000 81000 14000
0 6000 7000 7000
11000 2000 24000 3000
44000 4000 49000 6000
46000 3000 54000 4000
48000 2000 55000 3000
52000 1000 55000 2000
55000 2000 59000 3000
59000 3000 63000 4000
62000 4000 65000 5000
12000 1000 23000 2000
14000 0 20000 1000
56000 11000 69000 12000
38000 11000 53000 12000
56000 12000 57000 18000
55000 17000 56000 18000
39000 12000 53000 13000
38000 12000 39000 13000
28000 11000 38000 14000
25000 8000 28000 14000
5000 8000 25000 11000
5000 11000 10000 22000
25000 14000 38000 15000
42000 17000 55000 18000
23000 11000 25000 13000
21000 11000 23000 12000
24000 13000 25000 15000
10000 11000 12000 13000
12000 11000 14000 12000
10000 13000 11000 15000
10000 22000 12000 24000
10000 20000 11000 22000
12000 23000 14000 24000
10000 24000 43000 25000
21000 23000 23000 24000
23000 22000 25000 24000
24000 20000 25000 22000
25000 20000 42000 24000
42000 18000 43000 25000
25000 15000 38000 17000
41000 19000 42000 20000
38000 13000 39000 14000
55000 16000 56000 17000
5000 22000 10000 25000
15000 19000 20000 20000
0 7000 5000 25000
43000 18000 57000 25000
57000 12000 68000 25000
68000 14000 81000 25000
0 25000 81000 63000
2
80000 9000 81000 9000
0 2000 -1000 2000
0
5
15000 18000
16000 18000
17000 18000
18000 18000
19000 18000
2
16000 5000
59000 9000
0
