94
20000 13000 22000 15000
22000 12000 25000 15000
25000 11000 28000 15000
28000 10000 31000 15000
31000 10000 39000 15000
38000 4000 114000 5000
43000 3000 107000 4000
49000 2000 103000 3000
60000 1000 90000 2000
70000 0 80000 1000
39000 10000 83000 11000
125000 11000 127000 13000
126000 13000 128000 16000
126000 16000 129000 22000
126000 22000 130000 25000
126000 25000 132000 27000
126000 27000 145000 28000
132000 26000 138000 27000
126000 28000 150000 29000
88000 10000 126000 11000
39000 11000 52000 12000
39000 12000 50000 13000
39000 13000 46000 14000
109000 11000 125000 17000
102000 11000 109000 13000
104000 13000 109000 16000
125000 13000 126000 24000
74000 24000 126000 25000
48000 24000 71000 25000
40000 14000 43000 21000
41000 21000 45000 23000
41000 23000 48000 25000
39000 21000 41000 25000
39000 14000 40000 21000
8000 15000 39000 25000
23000 25000 28000 26000
23000 26000 25000 29000
25000 26000 26000 27000
23000 29000 24000 35000
23000 35000 25000 37000
23000 37000 39000 39000
87000 25000 91000 28000
88000 28000 89000 34000
86000 35000 89000 37000
87000 34000 89000 35000
88000 37000 89000 38000
89000 28000 91000 38000
91000 25000 126000 38000
126000 29000 150000 38000
84000 25000 87000 26000
86000 26000 87000 27000
81000 36000 86000 37000
37000 39000 39000 40000
39000 40000 40000 41000
41000 42000 42000 43000
42000 43000 43000 44000
43000 44000 44000 45000
44000 45000 45000 46000
44000 37000 88000 38000
46000 47000 47000 48000
23000 39000 37000 48000
37000 40000 39000 48000
39000 43000 42000 48000
42000 44000 44000 48000
44000 46000 46000 48000
39000 41000 41000 43000
45000 48000 47000 67000
47000 57000 48000 58000
67000 48000 74000 49000
80000 55000 90000 56000
99000 46000 108000 47000
117000 51000 127000 52000
126000 38000 127000 47000
127000 46000 142000 47000
126000 52000 127000 61000
127000 60000 142000 61000
141000 47000 142000 61000
127000 38000 150000 46000
142000 46000 150000 61000
45000 67000 47000 86000
47000 58000 48000 68000
47000 68000 49000 69000
47000 69000 49000 81000
47000 81000 50000 82000
47000 82000 50000 86000
50000 85000 127000 86000
126000 61000 127000 85000
127000 61000 150000 86000
8000 25000 23000 48000
14000 14000 20000 15000
0 16000 8000 48000
0 48000 45000 86000
0 86000 150000 102000
0 102000 150000 110000
2
149000 24000 150000 24000
0 12000 -1000 12000
0
8
28000 36000
30000 36000
32000 36000
34000 36000
121000 23000
119000 23000
117000 23000
115000 23000
9
56000 21000
61000 21000
82000 21000
89000 21000
98000 21000
109000 22000
107000 8000
72000 8000
52000 8000
0
3
128000 58000
133000 58000
137000 58000
0
