26
1000 0 2000 92000
24000 88000 25000 99000
25000 88000 69000 89000
1000 99000 25000 100000
7000 77000 63000 78000
68000 67000 69000 88000
32000 66000 69000 67000
33000 28000 37000 29000
39000 38000 42000 39000
33000 48000 36000 49000
38000 18000 43000 19000
38000 9000 39000 18000
32000 19000 33000 66000
13000 66000 32000 67000
8000 58000 27000 59000
13000 50000 32000 51000
8000 42000 27000 43000
13000 34000 32000 35000
8000 26000 27000 27000
13000 18000 33000 19000
7000 18000 8000 77000
38000 8000 54000 9000
39000 57000 54000 58000
2000 0 54000 1000
33000 65000 54000 66000
42000 19000 43000 57000
3
1000 95000 0 95000
53000 61000 54000 61000
53000 4000 54000 4000
1
21000 33000
1
13000 98000
9
23000 17000
39000 76000
12000 41000
24000 49000
15000 65000
36000 87000
57000 87000
34000 47000
40000 37000
