22
54000 0 80000 1000
0 0 49000 1000
79000 8000 80000 15000
60000 37000 61000 46000
79000 15000 80000 46000
60000 53000 80000 54000
0 36000 61000 37000
75000 8000 79000 9000
76000 36000 79000 37000
61000 45000 64000 46000
41000 32000 48000 36000
35000 28000 41000 36000
23000 28000 29000 36000
16000 32000 23000 36000
29000 24000 35000 36000
60000 1000 61000 23000
61000 22000 68000 23000
1000 18000 17000 19000
29000 12000 35000 13000
49000 12000 54000 13000
1000 8000 8000 18000
0 8000 1000 29000
6
0 4000 -1000 4000
0 32000 -1000 32000
79000 49000 80000 49000
79000 4000 80000 4000
51000 0 51000 -1000
60000 49000 59000 49000
1
32000 23000
0
4
10000 17000
70000 52000
64000 21000
53000 35000
0
