40
1 0 136 1
136 0 137 53
1 1 2 5
1 12 2 25
1 25 100 26
1 33 2 37
2 36 88 37
87 37 88 38
87 38 88 53
1 65 88 66
1 37 2 65
87 66 88 94
100 67 101 94
88 93 91 94
96 93 100 94
100 25 101 42
100 57 101 66
101 57 137 58
136 53 137 57
100 66 101 67
88 77 92 78
97 86 100 87
97 59 100 60
113 20 114 57
108 34 113 35
100 42 104 43
106 50 109 51
114 41 125 42
125 20 136 21
120 31 129 32
131 48 136 49
2 12 100 13
100 12 101 13
112 15 116 16
109 20 113 21
80 52 87 53
69 45 76 46
56 45 59 46
39 45 50 46
2 45 21 46
3
1 8 0 8
1 29 0 29
93 93 93 94
