15
1000 68000 168000 69000
167000 0 168000 61000
1000 0 167000 1000
1000 1000 2000 61000
19000 35000 26000 36000
143000 35000 150000 36000
36000 24000 43000 25000
126000 24000 133000 25000
36000 46000 43000 47000
126000 46000 133000 47000
143000 57000 150000 58000
19000 57000 26000 58000
53000 57000 60000 58000
109000 57000 116000 58000
80000 57000 89000 58000
2
1000 64000 0 64000
167000 64000 168000 64000
1
84000 56000
2
129000 23000
39000 23000
7
39000 45000
22000 34000
21000 56000
147000 56000
129000 45000
146000 34000
112000 56000
0