39
177 9 178 86
1 93 178 94
64 71 65 83
2 19 23 20
11 41 23 42
22 31 23 41
11 82 12 93
12 82 64 83
11 71 59 72
11 42 12 71
65 71 82 72
87 71 177 72
82 78 171 79
73 78 82 79
73 79 74 93
82 85 177 86
75 42 86 43
96 31 107 32
126 2 127 42
120 51 133 52
127 41 128 42
138 30 149 31
159 41 166 42
164 19 166 20
163 11 164 20
163 2 164 11
127 9 152 10
161 19 163 20
175 31 177 32
175 9 177 10
79 20 86 21
54 24 61 25
22 30 43 31
1 1 2 86
7 1 178 2
2 9 7 10
72 82 73 83
22 64 65 65
42 53 65 64
4
1 89 0 89
177 89 178 89
177 5 178 5
4 1 4 0
1
92 70 93 71
0
4
12 18 13 19
54 52 55 53
93 84 94 85
139 8 140 9
