9
1000 0 15000 1000
1000 8000 6000 9000
1000 9000 2000 101000
14000 9000 15000 101000
2000 100000 14000 101000
9000 1000 10000 7000
14000 8000 15000 9000
13000 12000 14000 13000
5000 7000 6000 8000
2
1000 4000 0 4000
14000 4000 15000 4000
1
4000 6000
0
80
4000 97000
6000 97000
7000 97000
9000 97000
10000 97000
10000 96000
9000 96000
8000 96000
6000 96000
4000 96000
7000 91000
11000 94000
10000 84000
8000 85000
5000 90000
6000 92000
11000 89000
5000 87000
5000 86000
6000 81000
6000 83000
11000 81000
5000 77000
9000 81000
7000 31000
9000 35000
9000 41000
6000 42000
7000 49000
10000 54000
8000 57000
7000 63000
10000 66000
9000 71000
5000 68000
7000 72000
7000 69000
6000 66000
5000 62000
10000 62000
8000 59000
6000 58000
5000 55000
6000 54000
9000 51000
4000 47000
10000 47000
8000 45000
8000 41000
4000 37000
6000 35000
8000 32000
6000 27000
9000 74000
9000 78000
7000 76000
8000 61000
6000 61000
5000 73000
5000 71000
7000 79000
8000 82000
8000 89000
10000 92000
8000 94000
4000 93000
4000 89000
4000 82000
4000 77000
4000 71000
4000 65000
4000 57000
4000 51000
4000 45000
6000 40000
5000 36000
9000 38000
11000 40000
11000 50000
11000 72000
0
