21
0 9000 1000 99000
0 1000 1000 9000
1000 1000 12000 2000
12000 1000 13000 2000
13000 1000 17000 2000
22000 1000 36000 2000
36000 1000 37000 97000
36000 97000 37000 99000
22000 18000 36000 19000
17000 10000 23000 11000
14000 26000 20000 27000
12000 42000 27000 43000
1000 54000 24000 55000
32000 60000 36000 61000
1000 33000 8000 34000
1000 98000 29000 99000
29000 98000 31000 99000
16000 2000 17000 11000
22000 81000 36000 82000
9000 71000 18000 72000
1000 90000 10000 91000
2
33000 98000 33000 99000
19000 1000 19000 0
1
18000 51000
0
2
18000 24000
17000 89000
