13
1000 0 25000 1000
1000 8000 2000 58000
1000 58000 25000 59000
24000 8000 25000 58000
16000 41000 17000 58000
2000 48000 7000 49000
11000 41000 17000 42000
18000 32000 24000 33000
10000 23000 18000 24000
2000 14000 10000 15000
16000 8000 24000 9000
17000 45000 19000 46000
22000 45000 24000 46000
2
1000 4000 0 4000
24000 4000 25000 4000
1
14000 21000
0
16
19000 55000
20000 55000
21000 55000
22000 55000
22000 54000
21000 54000
20000 54000
19000 54000
19000 53000
20000 53000
21000 53000
22000 53000
22000 52000
21000 52000
20000 52000
19000 52000
0
