24
0 9000 1000 99000
0 1000 1000 9000
1000 1000 12000 2000
12000 1000 13000 2000
13000 1000 17000 2000
22000 1000 36000 2000
36000 1000 37000 97000
36000 97000 37000 99000
12000 16000 26000 17000
13000 2000 14000 7000
13000 7000 19000 8000
12000 25000 25000 26000
15000 33000 21000 34000
12000 42000 27000 43000
7000 52000 30000 53000
11000 60000 27000 61000
6000 68000 31000 69000
9000 78000 33000 79000
32000 60000 36000 61000
1000 33000 8000 34000
25000 25000 26000 26000
5000 90000 29000 91000
1000 98000 29000 99000
29000 98000 31000 99000
2
19000 1000 19000 0
33000 98000 33000 99000
1
18000 51000
0
2
19000 24000
18000 89000
