38
0 0 177 1
176 8 177 85
0 92 177 93
0 8 1 85
63 70 64 82
1 18 22 19
10 40 22 41
21 30 22 40
10 81 11 92
11 81 63 82
10 70 58 71
10 41 11 70
57 63 64 64
16 63 57 64
64 70 81 71
86 70 176 71
81 77 170 78
72 77 81 78
72 78 73 92
81 84 176 85
63 52 64 63
74 41 85 42
95 30 106 31
125 1 126 41
119 50 132 51
126 40 127 41
137 29 148 30
158 40 165 41
163 18 165 19
162 10 163 19
162 1 163 10
126 8 151 9
160 18 162 19
174 30 176 31
174 8 176 9
78 19 85 20
53 23 60 24
21 29 42 30
4
0 4 -1 4
0 88 -1 88
176 88 177 88
176 4 177 4
